$ANSIBLE_VAULT;1.1;AES256
37636237396561383165373934313639376136323664323465336233393663636165643030623163
3435303361393866373538336539396135616334326666320a613232643862316163366162346431
36356632393561656333656132376333333062323265663563303836313261393261636133383038
3837613635303731390a613735653038663232353265376237643562633432386435336161646538
61666466383030323336623163636565323437666538316139346532633737343637663361653064
32363739376635653266326139623739356437343333323538336338633462306234336631356566
65383334653737323063616632323137323935616539356566613430363439646236623530643532
66663534393836383135336133633836636534643736633238616538336534396237366266313232
33646366633233626161613734646337383863306637653162383032346533643164663134656163
65376638383865653862336632633035656136383731336138663034373762353165346437323430
61373264333961336430383230333033353962663034626436646466336138386632363933323835
61323563383938383462636134303064313037396661323837623365356264656231643761633137
64323465666463313332303564316531353632643834376239396434633762613264343666323963
63626330666461626165356532343333393133386630386534343137613664303934376665366337
38363762333234316630343862313530306630356466636637626230363635336661643063636165
32653830396463636337356162333733386462363238653231363035383461316163316336633232
65613936376366663664643338363532613064656637343061643034376236623363346264326130
64333861363063343962656462336466333935323935393164366164616561383964656261613564
34636166303166303663653039623039636664646263313637636433313665633661613730313363
32373538623836636337353432643938663863653931326230643133643339323365616263656133
61363731316266353637376437396632366464303930336363623336656332313766643463333865
61623336636664306164303532643565376264633365613937316663306131326637383335353937
32663832393334393264303631383633666262326633656264323866323534663634353436333861
36343662386234313663326239333632363337663061343238303035303638653131323035373138
34373161383430656363616363366536366161393366333664636132303836386331386336663466
35306561353261383863363766396432313433383162366361616138623862303931393563396564
64653834393136343531663361643339316638356135653837373833616135303461303430616365
64613035666132666232396432373265663864323563363430336634653231323731666339616138
61303638393365336138393966353235643034383133616230653937666634393434653234363537
32646333316266383135343434373038623462336366643465636562373239623838346562623136
61386435323338623934343662386137383539373363306539366332663035373038306666376163
62656365663163333438666436623265336661633233353965343533663565386139323438313830
39623234343065666362656135386435626234323032653563663236333335323538356634666466
33613163353138313537363239363537666365376639623763636365616464386565663533323936
32366334306461626464343035326231303963363733666437343333653762333932383663356430
62353136636435393765306265393334303764373862386638386563393831653464643366656239
32626435303336353135376332646465343762316163376139313936333865333237353364656437
38393938343164613031636131613932313431356465363238333364626264613534633539383639
62613862306337373830373830653735366539363939393439623532656666396438633630353030
37646664326233303633633532323865386530616537393031343936393238386136616666356439
37393361633034316261306662616633353931333136363631303066346532353331366235373666
34363434376239633134376336636437633561353061346336326364326463326464666138623039
35383032373831363238303430373836613861653962363036646330646665343664336164313530
66383061376166333761313834303939353965346466646562353330336264383663373037333038
39636436636161343733643439643030376535633964313139613566333230333134613830396336
33613834343164303933373065623430663365383761303261636233336538356237346539656537
66356534313865353361633033393664633037643238346539373866373931343234663733666266
62313366323133393064343366613539626165336537376234343637653962623366333062633462
33303733323938356364653638353366663730393438313930663431636564346239373735626263
34616638623630353836646634383235653666663136626661666230633761353933353766653432
64373935336335303735666531356435306233346131306231646365333061336230653664663566
35336139316236346363626464323364336636343833353864623064616638613833313131663033
66353238363532306434303662623735366465613637373039666564663131363430366661303738
66396465626162663338343562336335613834303835393639363365626632653866333331656233
36653663333463373262366638623732666639666633373061343033396437363962313832613666
66636634646462353733346363363963643936643331393763376565636232643966383139303365
66333335373634356234623864356631353965613734383966323037636662663530393964663661
38333065623339353062666437393530633331613464623261393236663464333563636536333936
32663139653932663335363139653833356263353965353663616431343965396364353937623437
38646565376136383639623739643165666234363765353237616535323538646263386365626664
38646362663965613936383538303239343036636231393833346236373330383364663336373764
61323333646565633461373864636236646163393566626332663666313635313063346666623062
65346535626663353061613766643335326336393963313536613539386338343537633965343364
39656236373137613834626561303332623637333063376237313762333766316536613136613866
38626130393034666264373837626634316564636564363931623130623731313837393231323139
34323033366439303633303363333338666132303130333935666630326434313630326464613462
37323865346139653061366134623238313638316630313338626337656333663938643832313739
30643765633739623032333065323334313936656134373137633535613861346231306566656237
33333961323937303766613336626563303465343331333336396338393965626437653461306263
30623762616639656263313430346638363435666161386135306236626634636337393730346331
62616536343162386438353934396362346632636431346435653064386139323631323033323739
35353333386630653631643964366464653964396433653537393433623639343735343634386164
34343563336365383365346330353933653032623162666465346336333966353161386435333931
66646566363163626232383665393564346331376536333938373333356336386436393062386138
32343538373537343634313035323461666137316334656337306236353437613465363538613362
34653236316535623862336435336134353164333932666336393563396334363434616566363134
32336261623664616561623237656466386161633436636232303337326137353430656262376436
64643362646365323133656637353035353465373437353136326531646130663364613961623330
34363133323164346434653361333464306632386165353261633433366231643838663334343330
64303733633166613163613332396338663435323861396366636138663766353236623764643263
66373433393835383035623930366233666636613233653565656161333065343063656266323932
64613762623136653763336537366332303730626165393438666165346263346534653833366532
30613036313965663433373663316433343363323834623931663739313437633634373934343339
39663666303264386365336233613465363065343031343965326462393966666431633465383439
30626539356433376239636331343237313866643866633433636664633234353131306664626335
35313334373430363232626137353962396164616534303465313433353764306437343031613964
38643030373030363130636636613339386238353361633536336466366663323335333731636465
30376336303066376138
